 48x48
 v=-1
 d_tube=0.01
 T=10
 N=3
        MFPT(w=10^-4):  0.24575972989986114
        MFPT(w=1):  0.25207046226218255
        MFPT(w=100):  0.2683898172285216